1 3 4 5 6 7 8 9 10 11 12 13 11 14 2
1 5 6 7 15 16 7 17 18 19 6 20 21 7 15 2
1 22 23 13 24 25 26 27 28 7 8 29 2
1 22 23 13 24 7 20 30 7 31 28 7 8 2
1 22 23 5 6 7 15 16 7 32 33 19 34 7 15 2
1 3 4 35 11 36 28 7 8 37 7 38 30 7 39 2
1 3 4 35 11 40 31 28 7 8 13 7 41 2
1 22 23 4 5 6 7 15 9 10 7 17 33 19 34 7 15 2
1 22 23 4 42 6 7 15 9 10 7 43 44 19 34 7 15 2
1 3 4 45 20 21 7 15 46 47 6 48 49 2
1 3 4 50 51 52 6 7 53 2
1 42 6 7 8 16 11 12 37 7 38 30 7 54 2
1 3 4 55 56 57 6 58 28 7 8 2
1 4 16 11 31 59 28 7 8 13 7 41 2
1 3 4 60 11 61 6 7 31 62 28 7 8 2
1 13 24 63 57 7 64 65 34 7 15 2
1 66 7 17 67 7 15 44 19 34 7 15 2
1 44 7 17 34 7 15 2
1 68 20 21 7 69 15 70 71 6 72 7 73 28 7 8 2
1 74 7 17 6 7 31 62 28 7 8 2
1 4 13 24 75 29 7 76 77 56 34 7 15 2
1 78 24 7 65 2
1 3 4 68 20 21 7 15 50 47 6 48 49 2
1 22 23 4 5 6 7 15 79 20 50 71 6 7 15 2
1 16 20 21 7 80 15 70 71 6 58 28 7 8 2
1 22 23 35 7 17 28 7 8 2
1 3 4 81 20 6 7 15 23 82 16 71 21 7 15 2
1 42 6 7 15 9 10 7 32 44 19 34 7 15 2
1 3 4 16 20 21 7 80 15 70 47 6 58 28 7 8 2
1 3 4 68 20 21 7 15 83 71 6 71 49 2
1 68 20 21 7 84 85 70 71 6 58 28 7 8 2
1 22 23 79 20 86 71 2
1 22 23 4 46 20 67 7 15 6 7 15 2
1 4 13 24 25 26 17 87 29 34 7 15 2
1 88 56 57 6 58 28 7 8 2
1 3 4 78 51 52 6 7 49 2
1 22 23 4 33 7 43 34 7 15 2
1 3 4 13 24 63 57 7 89 56 34 7 15 2
1 22 23 4 66 7 32 44 19 34 7 15 2
1 22 23 4 90 7 32 67 7 15 33 19 34 7 15 2
1 3 4 46 20 6 7 15 23 91 16 47 21 7 15 2
1 5 6 7 8 16 11 31 92 37 63 38 93 94 2
1 66 7 43 67 7 15 33 19 34 7 15 2
1 79 20 21 7 15 95 71 2
1 45 20 21 7 84 85 70 47 6 58 28 7 8 2
1 4 16 20 21 7 15 83 71 6 71 49 2
1 3 4 9 10 11 31 59 28 7 8 13 96 97 98 2
1 4 9 10 76 56 28 7 8 2
1 5 6 7 15 35 7 43 33 19 34 7 15 2
1 4 95 20 67 7 15 6 7 8 2
1 22 23 68 20 21 7 69 85 70 71 6 58 28 7 8 2
1 22 23 68 20 21 7 84 85 70 71 6 58 28 7 8 2
1 4 44 7 17 34 7 15 2
1 3 4 13 24 75 29 7 76 99 56 34 7 15 2
1 22 23 4 5 6 7 15 79 20 81 47 6 7 15 2
1 3 4 74 56 6 7 31 62 28 7 8 2
1 68 20 21 7 15 100 71 6 101 2
1 22 23 86 20 6 7 15 23 91 16 71 21 7 15 2
1 22 23 18 56 6 24 2
1 22 23 78 56 6 7 31 62 28 7 8 2
1 4 74 56 6 72 7 102 28 7 8 2
1 4 83 20 6 7 15 23 82 16 71 21 7 15 2
1 3 4 66 7 65 67 7 15 33 19 34 7 15 2
1 35 11 31 103 104 28 7 8 13 96 97 98 2
1 22 23 68 20 21 7 15 100 71 6 101 2
1 3 4 42 6 7 8 35 11 36 60 11 61 2
1 3 4 45 20 21 7 80 15 70 47 6 72 7 102 28 7 8 2
1 79 20 21 7 15 95 71 42 6 7 8 2
1 3 4 45 20 21 7 84 15 70 71 6 58 28 7 8 2
1 22 23 4 9 10 76 56 28 7 8 2
1 4 42 6 7 8 16 11 31 59 37 11 14 2
1 42 6 7 15 79 20 50 47 6 7 15 2
1 22 23 42 6 7 15 79 20 95 47 2
1 42 6 7 15 35 7 32 74 19 6 24 2
1 4 5 6 7 15 79 20 50 71 2
1 22 23 55 56 6 58 28 7 8 2
1 18 56 57 6 72 7 73 28 7 8 2
1 13 24 75 29 7 76 99 56 34 7 15 2
1 3 4 105 106 7 43 67 7 15 33 19 34 7 15 2
1 4 74 56 6 58 28 7 8 2
1 13 24 75 29 7 76 64 107 34 7 15 2
1 22 23 5 6 7 15 79 20 81 47 6 7 15 2
1 42 6 7 15 9 10 7 17 44 19 34 7 15 2
1 4 79 20 21 7 15 95 47 42 6 7 8 2
1 13 24 75 29 7 76 89 56 34 7 15 2
1 68 20 21 7 15 50 47 6 48 108 2
1 13 24 25 26 17 87 29 34 7 15 2
1 74 56 57 6 72 7 109 28 7 8 2
1 3 4 79 20 21 7 15 95 47 5 6 7 8 2
1 50 7 43 67 7 15 78 19 6 20 21 7 15 2
1 4 16 11 110 28 7 8 60 11 61 2
1 18 7 65 6 24 2
1 22 23 79 20 21 7 15 95 47 42 6 7 8 2
1 45 20 21 7 111 15 70 47 6 72 7 109 28 7 8 2
1 35 7 56 28 7 8 2
1 42 6 7 8 16 11 31 62 37 63 38 93 94 2
1 3 4 105 106 7 32 67 7 15 74 19 6 24 2
1 5 6 7 15 9 10 7 17 44 19 34 7 15 2
1 5 6 7 8 16 11 112 37 96 97 98 2
1 13 24 25 26 27 28 7 8 29 113 2
