1 5 114 8 114 13 114 114 12 2
1 5 114 8 114 16 17 114 114 18 114 15 20 2
1 13 115 8 27 2
1 13 20 8 31 2
1 5 114 15 114 16 32 114 114 33 114 15 114 2
1 35 36 8 114 37 38 114 114 2
1 35 31 8 114 13 41 114 114 2
1 5 114 15 114 9 17 114 114 33 114 15 114 2
1 42 114 15 114 9 43 114 114 44 114 15 114 2
1 45 20 15 114 46 47 114 114 2
1 50 52 114 53 2
1 42 114 8 114 16 12 114 114 37 38 114 114 2
1 55 56 8 58 2
1 16 31 8 114 13 41 114 114 2
1 60 61 8 31 2
1 13 65 15 24 2
1 66 17 15 114 44 114 15 114 2
1 44 17 15 114 2
1 68 20 15 114 70 71 8 73 2
1 74 17 8 31 2
1 13 56 15 24 2
1 78 65 114 24 2
1 68 20 15 114 50 47 49 114 2
1 5 114 15 114 79 20 114 114 50 71 15 114 2
1 16 20 15 114 70 71 8 58 2
1 35 17 8 114 2
1 81 20 15 114 16 71 15 114 2
1 42 114 15 114 9 32 114 114 44 114 15 114 2
1 16 20 15 114 70 47 8 58 2
1 68 20 15 114 83 71 49 114 2
1 68 20 85 114 70 71 8 58 2
1 79 20 114 114 86 71 114 114 2
1 46 20 15 114 114 114 15 114 2
1 13 17 15 24 2
1 88 56 8 58 2
1 78 52 49 114 2
1 33 43 15 114 2
1 13 56 15 114 2
1 66 32 114 114 44 114 15 114 2
1 90 32 15 114 33 114 15 114 2
1 46 20 15 114 16 47 15 114 2
1 5 114 8 114 16 115 114 31 37 38 114 114 2
1 66 43 15 114 33 114 15 114 2
1 79 20 15 114 95 71 114 114 2
1 45 20 85 114 70 47 8 58 2
1 16 20 15 114 83 71 49 114 2
1 9 59 8 31 13 98 114 114 2
1 9 56 8 114 2
1 5 114 15 114 35 43 114 114 33 114 15 114 2
1 95 20 15 114 114 114 8 114 2
1 68 20 85 114 70 71 8 58 2
1 68 20 85 114 70 71 8 58 2
1 44 17 15 114 2
1 13 56 15 114 2
1 5 114 15 114 79 20 114 114 81 47 15 114 2
1 74 56 8 31 2
1 68 20 15 114 100 71 114 114 2
1 86 20 15 114 16 71 15 114 2
1 18 56 114 114 2
1 78 56 8 31 2
1 74 56 8 102 2
1 83 20 15 114 16 71 15 114 2
1 66 65 15 114 33 114 15 114 2
1 35 103 8 31 13 98 114 114 2
1 68 20 15 114 100 71 114 114 2
1 42 114 8 114 35 36 114 114 60 61 114 114 2
1 45 20 15 114 70 47 8 102 2
1 79 20 15 114 95 71 114 114 42 114 8 114 2
1 45 20 15 114 70 71 8 58 2
1 9 56 8 114 2
1 42 114 8 114 16 59 114 31 37 14 114 114 2
1 42 114 15 114 79 20 114 114 50 47 15 114 2
1 42 114 15 114 79 20 114 114 95 47 114 114 2
1 42 114 15 114 35 32 114 114 74 114 114 114 2
1 5 114 15 114 79 20 114 114 50 71 114 114 2
1 55 56 8 58 2
1 18 56 8 73 2
1 13 56 15 114 2
1 105 43 15 114 33 114 15 114 2
1 74 56 8 58 2
1 13 107 15 114 2
1 5 114 15 114 79 20 114 114 81 47 15 114 2
1 42 114 15 114 9 17 114 114 44 114 15 114 2
1 79 20 15 114 95 47 114 114 42 114 8 114 2
1 13 56 15 114 2
1 68 20 15 114 50 47 108 114 2
1 13 17 15 114 2
1 74 56 8 109 2
1 79 20 15 114 95 47 114 114 5 114 8 114 2
1 50 43 15 114 78 114 15 20 2
1 16 110 8 114 60 61 114 114 2
1 18 65 114 114 2
1 79 20 15 114 95 47 114 114 42 114 8 114 2
1 45 20 15 114 70 47 8 109 2
1 35 56 8 114 2
1 42 114 8 114 16 31 114 114 37 38 114 114 2
1 105 32 15 114 74 114 114 114 2
1 5 114 15 114 9 17 114 114 2
1 5 114 8 114 16 112 114 114 37 98 114 114 2
1 13 27 8 113 2
